             version              nb_cpu                   N        nb_iteration        erreur_infty               temps
          0.00000000                 nan          5.00000000                 nan          0.00163444          0.00000600
          1.00000000                 nan          5.00000000         21.00000000          0.00163444          0.00000200
          2.00000000          1.00000000          5.00000000         21.00000000          0.00163444          0.00005500
          2.00000000          2.00000000          5.00000000         21.00000000          0.00163444          0.00054900
          2.00000000          4.00000000          5.00000000         21.00000000          0.00163444          0.00055100
          2.00000000          6.00000000          5.00000000         21.00000000          0.00163444          0.00109000
          2.00000000          8.00000000          5.00000000         21.00000000          0.00163444          0.00150200
          3.00000000          1.00000000          5.00000000         21.00000000          0.00163444          0.00137600
          3.00000000          2.00000000          5.00000000         21.00000000          0.00163444          0.00298600
          3.00000000          4.00000000          5.00000000         21.00000000          0.00163444          0.00128700
          3.00000000          6.00000000          5.00000000         21.00000000          0.00163444          0.00153800
          3.00000000          8.00000000          5.00000000         21.00000000          0.00163444          0.00284100
          4.00000000          1.00000000          5.00000000         21.00000000          0.00163444          0.00103200
          4.00000000          2.00000000          5.00000000         21.00000000          0.00163444          0.00102100
          4.00000000          4.00000000          5.00000000         21.00000000          0.00163444          0.00072600
          4.00000000          6.00000000          5.00000000         21.00000000          0.00163444          0.00177500
          4.00000000          8.00000000          5.00000000         40.00000000          0.00428536          0.02357500
          5.00000000                 nan          5.00000000                 nan          0.00163444          0.00000400
          6.00000000                 nan          5.00000000                 nan          0.00163444          0.00156800

             version              nb_cpu                   N        nb_iteration        erreur_infty               temps
          0.00000000                 nan         10.00000000                 nan          0.00038444          0.00028900
          1.00000000                 nan         10.00000000        102.00000000          0.00038444          0.00001600
          2.00000000          1.00000000         10.00000000        102.00000000          0.00038444          0.00005200
          2.00000000          2.00000000         10.00000000        102.00000000          0.00038444          0.00201500
          2.00000000          4.00000000         10.00000000        102.00000000          0.00038444          0.00491100
          2.00000000          6.00000000         10.00000000        102.00000000          0.00038444          0.00486600
          2.00000000          8.00000000         10.00000000        102.00000000          0.00038444          0.00696900
          3.00000000          1.00000000         10.00000000        102.00000000          0.00038444          0.00009000
          3.00000000          2.00000000         10.00000000        102.00000000          0.00038444          0.00069200
          3.00000000          4.00000000         10.00000000        102.00000000          0.00038444          0.00107400
          3.00000000          6.00000000         10.00000000        102.00000000          0.00038444          0.00234800
          3.00000000          8.00000000         10.00000000        102.00000000          0.00038444          0.00388100
          4.00000000          1.00000000         10.00000000        102.00000000          0.00038444          0.00007200
          4.00000000          2.00000000         10.00000000        102.00000000          0.00038444          0.00059500
          4.00000000          4.00000000         10.00000000        102.00000000          0.00038444          0.00114100
          4.00000000          6.00000000         10.00000000        102.00000000          0.00038444          0.00239300
          4.00000000          8.00000000         10.00000000        102.00000000          0.00038444          0.01431000
          5.00000000                 nan         10.00000000                 nan          0.00038444          0.00000600
          6.00000000                 nan         10.00000000                 nan          0.00038444          0.00017600

             version              nb_cpu                   N        nb_iteration        erreur_infty               temps
          0.00000000                 nan         50.00000000                 nan          0.00001661          4.14909800
          1.00000000                 nan         50.00000000       2298.00000000          0.00001661          0.00485900
          2.00000000          1.00000000         50.00000000       2298.00000000          0.00001661          0.00511000
          2.00000000          2.00000000         50.00000000       2298.00000000          0.00001661          0.03713200
          2.00000000          4.00000000         50.00000000       2298.00000000          0.00001661          0.05929600
          2.00000000          6.00000000         50.00000000       2298.00000000          0.00001661          0.08079700
          2.00000000          8.00000000         50.00000000       2298.00000000          0.00001661          0.09264600
          3.00000000          1.00000000         50.00000000       2298.00000000          0.00001661          0.00719900
          3.00000000          2.00000000         50.00000000       2298.00000000          0.00001661          0.00681700
          3.00000000          4.00000000         50.00000000       2298.00000000          0.00001661          0.00841000
          3.00000000          6.00000000         50.00000000       2298.00000000          0.00001661          0.04656100
          3.00000000          8.00000000         50.00000000       2298.00000000          0.00001661          0.03291400
          4.00000000          1.00000000         50.00000000       2298.00000000          0.00001661          0.00615100
          4.00000000          2.00000000         50.00000000       2298.00000000          0.00001661          0.00584100
          4.00000000          4.00000000         50.00000000       2298.00000000          0.00001661          0.00656700
          4.00000000          6.00000000         50.00000000       2298.00000000          0.00001661          0.01605000
          4.00000000          8.00000000         50.00000000       2298.00000000          0.00001661          0.04570400
          5.00000000                 nan         50.00000000                 nan          0.00001661          0.00172900
          6.00000000                 nan         50.00000000                 nan          0.00001661          0.00099600

             version              nb_cpu                   N        nb_iteration        erreur_infty               temps
          0.00000000                 nan        100.00000000                 nan          0.00000417        278.87513000
          1.00000000                 nan        100.00000000       8506.00000000          0.00000417          0.07171500
          2.00000000          1.00000000        100.00000000       8506.00000000          0.00000417          0.07185900
          2.00000000          2.00000000        100.00000000       8506.00000000          0.00000417          0.16040600
          2.00000000          4.00000000        100.00000000       8506.00000000          0.00000417          0.18575800
          2.00000000          6.00000000        100.00000000       8506.00000000          0.00000417          0.28103300
          2.00000000          8.00000000        100.00000000       8506.00000000          0.00000417          0.36124300
          3.00000000          1.00000000        100.00000000       8506.00000000          0.00000417          0.07212700
          3.00000000          2.00000000        100.00000000       8506.00000000          0.00000417          0.05686100
          3.00000000          4.00000000        100.00000000       8506.00000000          0.00000417          0.04365000
          3.00000000          6.00000000        100.00000000       8506.00000000          0.00000417          0.08508000
          3.00000000          8.00000000        100.00000000       8506.00000000          0.00000417          0.28493300
          4.00000000          1.00000000        100.00000000       8506.00000000          0.00000417          0.08530800
          4.00000000          2.00000000        100.00000000       8506.00000000          0.00000417          0.05937400
          4.00000000          4.00000000        100.00000000       8506.00000000          0.00000417          0.03885900
          4.00000000          6.00000000        100.00000000       8506.00000000          0.00000417          0.08012400
          4.00000000          8.00000000        100.00000000       8506.00000000          0.00000417          0.18658300
          5.00000000                 nan        100.00000000                 nan          0.00000417          0.05030700
          6.00000000                 nan        100.00000000                 nan          0.00000417          0.01536400

             version              nb_cpu                   N        nb_iteration        erreur_infty               temps
          1.00000000                 nan        300.00000000      66569.00000000          0.00000046          5.02727700
          2.00000000          1.00000000        300.00000000      66569.00000000          0.00000046          4.57588900
          2.00000000          2.00000000        300.00000000      66569.00000000          0.00000046          3.36645900
          2.00000000          4.00000000        300.00000000      66569.00000000          0.00000046          2.44205700
          2.00000000          6.00000000        300.00000000      66569.00000000          0.00000046          3.33685600
          2.00000000          8.00000000        300.00000000      66569.00000000          0.00000046          3.37318900
          3.00000000          1.00000000        300.00000000      66569.00000000          0.00000046          4.85043300
          3.00000000          2.00000000        300.00000000      66569.00000000          0.00000046          2.64879000
          3.00000000          4.00000000        300.00000000      66569.00000000          0.00000046          1.69685700
          3.00000000          6.00000000        300.00000000      66569.00000000          0.00000046          2.45899100
          3.00000000          8.00000000        300.00000000      66569.00000000          0.00000046          2.61064200
          4.00000000          1.00000000        300.00000000      66569.00000000          0.00000046          5.37219300
          4.00000000          2.00000000        300.00000000      66569.00000000          0.00000046          3.07187400
          4.00000000          4.00000000        300.00000000      66569.00000000          0.00000046          2.51595200
          4.00000000          6.00000000        300.00000000      66569.00000000          0.00000046          2.72368100
          4.00000000          8.00000000        300.00000000      66569.00000000          0.00000046          3.36702100
          5.00000000                 nan        300.00000000                 nan          0.00000046          4.60860900
          6.00000000                 nan        300.00000000                 nan          0.00000046          0.06551500

             version              nb_cpu                   N        nb_iteration        erreur_infty               temps
          1.00000000                 nan        500.00000000     171980.00000000          0.00000015         35.58228000
          2.00000000          1.00000000        500.00000000     171980.00000000          0.00000015         33.39530800
          2.00000000          2.00000000        500.00000000     171980.00000000          0.00000015         20.65680800
          2.00000000          4.00000000        500.00000000     171980.00000000          0.00000015         13.34404400
          2.00000000          6.00000000        500.00000000     171980.00000000          0.00000015         17.53484900
          2.00000000          8.00000000        500.00000000     171980.00000000          0.00000015         16.38099900
          3.00000000          1.00000000        500.00000000     171980.00000000          0.00000015         34.78755000
          3.00000000          2.00000000        500.00000000     171980.00000000          0.00000015         20.20552200
          3.00000000          4.00000000        500.00000000     171980.00000000          0.00000015         13.01069100
          3.00000000          6.00000000        500.00000000     171980.00000000          0.00000015         16.40001500
          3.00000000          8.00000000        500.00000000     171980.00000000          0.00000015         15.09527600
          4.00000000          1.00000000        500.00000000     171980.00000000          0.00000015         37.78504100
          4.00000000          2.00000000        500.00000000     171980.00000000          0.00000015         22.03117100
          4.00000000          4.00000000        500.00000000     171980.00000000          0.00000015         14.85145400
          4.00000000          6.00000000        500.00000000     171980.00000000          0.00000015         17.35199600
          4.00000000          8.00000000        500.00000000     171980.00000000          0.00000015         21.32363400
          5.00000000                 nan        500.00000000                 nan          0.00000017         36.41107800
          6.00000000                 nan        500.00000000                 nan          0.00000017          0.16401300

             version              nb_cpu                   N        nb_iteration        erreur_infty               temps
          1.00000000                 nan        700.00000000     320379.00000000          0.00000005        130.23854000
          2.00000000          1.00000000        700.00000000     320379.00000000          0.00000005        121.53010100
          2.00000000          2.00000000        700.00000000     320379.00000000          0.00000005         73.95902500
          2.00000000          4.00000000        700.00000000     320379.00000000          0.00000005         47.77570700
          2.00000000          6.00000000        700.00000000     320379.00000000          0.00000005         63.11267400
          2.00000000          8.00000000        700.00000000     320379.00000000          0.00000005         57.36835900
          3.00000000          1.00000000        700.00000000     320379.00000000          0.00000005        125.98089000
          3.00000000          2.00000000        700.00000000     320379.00000000          0.00000005         74.38352600
          3.00000000          4.00000000        700.00000000     320379.00000000          0.00000005         47.16879800
          3.00000000          6.00000000        700.00000000     320379.00000000          0.00000005         58.26878900
          3.00000000          8.00000000        700.00000000     320379.00000000          0.00000005        106.88661700
          4.00000000          1.00000000        700.00000000     320379.00000000          0.00000005        137.74897200
          4.00000000          2.00000000        700.00000000     320379.00000000          0.00000005         84.64207300
          4.00000000          4.00000000        700.00000000     320379.00000000          0.00000005         61.79360700
          4.00000000          6.00000000        700.00000000     320379.00000000          0.00000005         68.66210900
          4.00000000          8.00000000        700.00000000     320379.00000000          0.00000005        120.95738400
          5.00000000                 nan        700.00000000                 nan          0.00000009        378.74328700
          6.00000000                 nan        700.00000000                 nan          0.00000009          0.34857700

             version              nb_cpu                   N        nb_iteration        erreur_infty               temps
          6.00000000                 nan       1000.00000000                 nan          0.00000004          0.78617200

             version              nb_cpu                   N        nb_iteration        erreur_infty               temps
          6.00000000                 nan       1500.00000000                 nan          0.00000002          8.51242800

             version              nb_cpu                   N        nb_iteration        erreur_infty               temps
          6.00000000                 nan       2000.00000000                 nan          0.00000001         16.68204300

             version              nb_cpu                   N        nb_iteration        erreur_infty               temps
          6.00000000                 nan       2500.00000000                 nan          0.00000001         26.69781200

             version              nb_cpu                   N        nb_iteration        erreur_infty               temps
          6.00000000                 nan       3000.00000000                 nan          0.00000000         39.71878700

             version              nb_cpu                   N        nb_iteration        erreur_infty               temps
          6.00000000                 nan       3500.00000000                 nan          0.00000000         58.67120900

             version              nb_cpu                   N        nb_iteration        erreur_infty               temps
          6.00000000                 nan       4000.00000000                 nan          0.00000000         77.91177200

             version              nb_cpu                   N        nb_iteration        erreur_infty               temps
          6.00000000                 nan       4500.00000000                 nan          0.00000000        102.37087800

             version              nb_cpu                   N        nb_iteration        erreur_infty               temps
          6.00000000                 nan       5000.00000000                 nan          0.00000000        173.82710000

             version              nb_cpu                   N        nb_iteration        erreur_infty               temps
          6.00000000                 nan       5500.00000000                 nan          0.00000000        219.43607300